,A_prev,A_curr,B_prev,B_curr,relation_type,positive,inverse,threshold
0,0.1,0.3,0.2,0.4,positive,1.0,1.1253517471925872e-07,1.0
1,0.2,0.4,0.1,0.3,positive,1.0,1.1253517471925872e-07,1.0
2,0.3,0.5,0.3,0.5,positive,1.0,1.1253517471925872e-07,1.0
3,0.2,0.5,0.6,0.4,inverse,1.388794386496412e-11,0.36787944117144206,1.0
4,0.4,0.6,0.3,0.1,inverse,1.1253517471925991e-07,1.0,1.0
5,0.1,0.3,0.5,0.2,inverse,1.3887943864964021e-11,0.3678794411714422,1.0
6,0.4,0.6,0.4,0.2,threshold,1.1253517471925931e-07,1.0,1.0
7,0.5,0.7,0.5,0.3,threshold,1.1253517471925931e-07,1.0,1.0
8,0.3,0.4,0.3,0.3,threshold,0.36787944117144206,0.36787944117144206,1.0
9,0.6,0.8,0.5,0.2,threshold,1.3887943864964021e-11,0.3678794411714429,0.3678794411714425
